image_file,condition,occlusion,distractor,non_target,target_shape,target_color,target_texture,target_location,speaker_answer,speaker_thought,target_shape_list,target_texture_list,contain_shape,contain_color,contain_texture
exp2_001.jpeg,cond2,absent,present,2,"triangle, triangular",black,stripe,"3,3",the striped triangle,none,"['triangle', 'triangular']",['stripe'],True,False,True
exp2_002.jpeg,cond4,present,present,4,square,blue,checker,"3,2",pick the square image with a gray-and-white checkerboard pattern and a solid blue border.,none,['square'],['checker'],True,True,True
exp2_003.jpeg,cond3,present,absent,4,"circle, circular",red,"wavy, zigzag","1,3",pick the gray wavy circle with a red outline.,none,"['circle', 'circular']","['wavy', 'zigzag']",True,True,True
exp2_004.jpeg,cond1,absent,absent,3,square,blue,checker,"3,3",pick the blue-outlined square with a gray-and-white checkerboard pattern.,none,['square'],['checker'],True,True,True
exp2_005.jpeg,cond2,absent,present,3,square,blue,"wavy, zigzag","2,3",pick the grey wavy square with a blue border.,none,['square'],"['wavy', 'zigzag']",True,True,True
exp2_006.jpeg,cond2,absent,present,4,"circle, circular",black,checker,"2,1",choose the gray checkered circle with a black border.,none,"['circle', 'circular']",['checker'],True,True,True
exp2_007.jpeg,cond4,present,present,3,"circle, circular",red,stripe,"1,3",pick the striped circle with the red outline.,none,"['circle', 'circular']",['stripe'],True,True,True
exp2_008.jpeg,cond1,absent,absent,4,"triangle, triangular",blue,stripe,"3,1",pick the blue triangle with vertical stripes.,none,"['triangle', 'triangular']",['stripe'],True,True,True
exp2_009.jpeg,cond4,present,present,2,"circle, circular",red,"wavy, zigzag","1,1",pick the gray circle filled with wavy zigzag lines.,none,"['circle', 'circular']","['wavy', 'zigzag']",True,False,True
exp2_010.jpeg,cond3,present,absent,3,square,red,stripe,"3,2",pick the square image with vertical gray and white stripes inside a red border.,none,['square'],['stripe'],True,True,True
exp2_011.jpeg,cond4,present,present,2,square,black,"wavy, zigzag","1,3","pick the square with the wavy gray-and-white pattern, not the one with straight vertical stripes.",none,['square'],"['wavy', 'zigzag']",True,False,True
exp2_012.jpeg,cond1,absent,absent,4,"triangle, triangular",black,"wavy, zigzag","2,3",pick the wavy-patterned triangle.,none,"['triangle', 'triangular']","['wavy', 'zigzag']",True,False,True
exp2_013.jpeg,cond2,absent,present,2,square,red,dot,"3,2",pick the square with the gray polka‑dot pattern.,none,['square'],['dot'],True,False,True
exp2_014.jpeg,cond2,absent,present,4,star,red,checker,"3,2",pick the red-outlined star that has a grey checkerboard pattern inside.,none,['star'],['checker'],True,True,True
exp2_015.jpeg,cond4,present,present,2,"triangle, triangular",green,dot,"3,2",pick the green triangle with the dotted pattern inside.,none,"['triangle', 'triangular']",['dot'],True,True,True
exp2_016.jpeg,cond1,absent,absent,2,square,green,dot,"2,3",the dotted gray square,none,['square'],['dot'],True,False,True
exp2_017.jpeg,cond3,present,absent,4,star,green,stripe,"2,3",pick the green outlined star with vertical gray stripes inside.,none,['star'],['stripe'],True,True,True
exp2_018.jpeg,cond3,present,absent,3,star,blue,dot,"1,1",select the blue-outlined star with a grey polka-dot fill.,none,['star'],['dot'],True,True,True
exp2_019.jpeg,cond4,present,present,3,"triangle, triangular",red,dot,"2,1",pick the triangle with the light gray polka-dot pattern and the red outline.,none,"['triangle', 'triangular']",['dot'],True,True,True
exp2_020.jpeg,cond4,present,present,3,"triangle, triangular",black,dot,"1,1",pick the white triangle that has small grey dots inside it.,none,"['triangle', 'triangular']",['dot'],True,False,True
exp2_021.jpeg,cond1,absent,absent,3,"triangle, triangular",red,stripe,"1,2",pick the gray vertically striped triangle with a red outline.,none,"['triangle', 'triangular']",['stripe'],True,True,True
exp2_022.jpeg,cond1,absent,absent,4,square,black,stripe,"3,1",pick the striped gray square with a black border.,none,['square'],['stripe'],True,True,True
exp2_023.jpeg,cond2,absent,present,4,"circle, circular",green,dot,"3,2",pick the green-outlined circle that is filled with gray polka dots.,none,"['circle', 'circular']",['dot'],True,True,True
exp2_024.jpeg,cond2,absent,present,2,"triangle, triangular",green,stripe,"1,2",select the green-outlined triangle with vertical gray stripes inside.,none,"['triangle', 'triangular']",['stripe'],True,True,True
exp2_025.jpeg,cond3,present,absent,2,star,blue,dot,"1,3",pick the white star with gray dots outlined in blue.,none,['star'],['dot'],True,True,True
exp2_026.jpeg,cond4,present,present,2,star,black,checker,"1,1","pick the visible star with the checkered pattern inside it, not the one with stripes.",none,['star'],['checker'],True,False,True
exp2_027.jpeg,cond3,present,absent,2,star,blue,checker,"1,3",pick the blue outline star with a checkered filling.,none,['star'],['checker'],True,True,True
exp2_028.jpeg,cond2,absent,present,3,"triangle, triangular",blue,dot,"1,1",the blue dotted triangle,none,"['triangle', 'triangular']",['dot'],True,True,True
exp2_029.jpeg,cond1,absent,absent,4,"circle, circular",red,"wavy, zigzag","1,3",pick the grey circle with wavy stripes and a red outline.,none,"['circle', 'circular']","['wavy', 'zigzag']",True,True,True
exp2_030.jpeg,cond2,absent,present,3,"circle, circular",green,"wavy, zigzag","3,2",pick the green-outlined circle with the wavy gray pattern inside.,none,"['circle', 'circular']","['wavy', 'zigzag']",True,True,True
exp2_031.jpeg,cond3,present,absent,3,"circle, circular",green,checker,"2,1",pick the grey-and-white checkerboard circle with the green outline.,none,"['circle', 'circular']",['checker'],True,True,True
exp2_032.jpeg,cond3,present,absent,4,"triangle, triangular",red,stripe,"3,3",pick the grey‑and‑white vertically striped triangle with the red outline.,none,"['triangle', 'triangular']",['stripe'],True,True,True
exp2_033.jpeg,cond1,absent,absent,3,star,green,stripe,"3,3",pick the green star with vertical gray stripes.,none,['star'],['stripe'],True,True,True
exp2_034.jpeg,cond4,present,present,4,square,red,dot,"1,3",pick the square shape with the gray dot pattern.,none,['square'],['dot'],True,False,True
exp2_035.jpeg,cond4,present,present,3,star,black,dot,"3,2",pick the star with the black outline.,none,['star'],['dot'],True,True,False
exp2_036.jpeg,cond2,absent,present,4,star,green,dot,"2,1",pick the **green star with the dotted interior** (not the striped blue star).,none,['star'],['dot'],True,True,True
exp2_037.jpeg,cond3,present,absent,3,"triangle, triangular",black,"wavy, zigzag","1,1",pick the triangle with the wavy stripes.,none,"['triangle', 'triangular']","['wavy', 'zigzag']",True,False,True
exp2_038.jpeg,cond3,present,absent,2,"circle, circular",red,stripe,"3,3",pick the gray-and-white vertical striped circle.,none,"['circle', 'circular']",['stripe'],True,False,True
exp2_039.jpeg,cond4,present,present,4,"triangle, triangular",blue,"wavy, zigzag","3,1",pick the only triangle with a blue border that has a wavy gray pattern inside.,none,"['triangle', 'triangular']","['wavy', 'zigzag']",True,True,True
exp2_040.jpeg,cond1,absent,absent,4,square,blue,stripe,"1,3",pick the **blue‑bordered square with vertical stripes**.,none,['square'],['stripe'],True,True,True
exp2_041.jpeg,cond4,present,present,2,"circle, circular",red,dot,"3,1",select the gray polka‑dot circle with the red outline.,none,"['circle', 'circular']",['dot'],True,True,True
exp2_042.jpeg,cond1,absent,absent,3,"circle, circular",red,"wavy, zigzag","3,3",pick the wavy-patterned circle with a red outline.,none,"['circle', 'circular']","['wavy', 'zigzag']",True,True,True
exp2_043.jpeg,cond2,absent,present,4,star,green,"wavy, zigzag","1,1",pick the green star that has a wavy gray-and-white pattern inside (not the striped one).,none,['star'],"['wavy', 'zigzag']",True,True,True
exp2_044.jpeg,cond3,present,absent,3,square,red,dot,"1,3",pick the small grey square filled with evenly spaced grey dots (the only dotted square).,none,['square'],['dot'],True,False,True
exp2_045.jpeg,cond1,absent,absent,2,"triangle, triangular",black,stripe,"2,1",select the striped triangle.,none,"['triangle', 'triangular']",['stripe'],True,False,True
exp2_046.jpeg,cond2,absent,present,4,star,red,"wavy, zigzag","2,1",pick the red-outlined star with the wavy striped fill.,none,['star'],"['wavy', 'zigzag']",True,True,True
exp2_047.jpeg,cond4,present,present,3,square,green,stripe,"1,3",pick the square with vertical gray and white stripes inside a green border.,none,['square'],['stripe'],True,True,True
exp2_048.jpeg,cond2,absent,present,3,square,red,stripe,"3,3",pick the square with vertical gray stripes and a red border.,none,['square'],['stripe'],True,True,True
exp2_049.jpeg,cond4,present,present,3,square,green,stripe,"1,1",pick the square with vertical gray stripes and a green border.,none,['square'],['stripe'],True,True,True
exp2_050.jpeg,cond3,present,absent,3,star,red,stripe,"2,3",pick the striped star.,none,['star'],['stripe'],True,False,True
exp2_051.jpeg,cond1,absent,absent,3,"triangle, triangular",black,"wavy, zigzag","2,3",pick the black-outlined triangle with the gray wavy pattern inside.,none,"['triangle', 'triangular']","['wavy', 'zigzag']",True,True,True
exp2_052.jpeg,cond3,present,absent,3,"triangle, triangular",black,checker,"2,1",select the grey–white checkered triangle.,none,"['triangle', 'triangular']",['checker'],True,False,True
exp2_053.jpeg,cond1,absent,absent,3,"triangle, triangular",red,stripe,"1,1",choose the red-outlined triangle with grey vertical stripes.,none,"['triangle', 'triangular']",['stripe'],True,True,True
exp2_054.jpeg,cond2,absent,present,4,"triangle, triangular",green,checker,"2,1",pick the green-outlined triangle that has a gray-and-white checkerboard pattern inside.,none,"['triangle', 'triangular']",['checker'],True,True,True
exp2_055.jpeg,cond1,absent,absent,2,"triangle, triangular",blue,dot,"3,3",select the blue-outlined triangle with a dotted interior.,none,"['triangle', 'triangular']",['dot'],True,True,True
exp2_056.jpeg,cond2,absent,present,3,"triangle, triangular",blue,"wavy, zigzag","3,2",pick the blue triangle with the wavy gray pattern inside.,none,"['triangle', 'triangular']","['wavy', 'zigzag']",True,True,True
exp2_057.jpeg,cond4,present,present,3,"triangle, triangular",blue,"wavy, zigzag","3,1",pick the triangle with the wavy gray pattern inside (not the one with dots).,none,"['triangle', 'triangular']","['wavy', 'zigzag']",True,False,True
exp2_058.jpeg,cond3,present,absent,2,"circle, circular",green,dot,"3,3",pick the grey polka‑dotted circle with a green outline.,none,"['circle', 'circular']",['dot'],True,True,True
exp2_059.jpeg,cond3,present,absent,3,star,black,"wavy, zigzag","2,1",select the wavy-patterned star outline.,none,['star'],"['wavy', 'zigzag']",True,False,True
exp2_060.jpeg,cond1,absent,absent,2,"circle, circular",red,"wavy, zigzag","2,1",pick the gray circle with wavy stripes and a red outline.,none,"['circle', 'circular']","['wavy', 'zigzag']",True,True,True
exp2_061.jpeg,cond3,present,absent,2,star,green,stripe,"2,1",pick the green star with gray vertical stripes.,none,['star'],['stripe'],True,True,True
exp2_062.jpeg,cond1,absent,absent,4,square,green,dot,"2,3",pick the green-outlined square with the dotted interior.,none,['square'],['dot'],True,True,True
exp2_063.jpeg,cond2,absent,present,2,"triangle, triangular",red,stripe,"3,2",pick the red-outlined triangle with vertical stripes.,none,"['triangle', 'triangular']",['stripe'],True,True,True
exp2_064.jpeg,cond1,absent,absent,3,star,red,dot,"1,2",pick the red-outlined star with a dotted interior.,none,['star'],['dot'],True,True,True
exp2_065.jpeg,cond3,present,absent,2,square,blue,checker,"3,2",pick the gray-and-white checkerboard inside the blue frame.,none,['square'],['checker'],False,True,True
exp2_066.jpeg,cond2,absent,present,4,"circle, circular",black,dot,"1,1",pick the only black‑outlined shape that is a circle filled with gray polka dots.,none,"['circle', 'circular']",['dot'],True,True,True
exp2_067.jpeg,cond4,present,present,3,square,blue,"wavy, zigzag","2,1",pick the gray wavy square that has the blue border.,none,['square'],"['wavy', 'zigzag']",True,True,True
exp2_068.jpeg,cond4,present,present,4,star,black,stripe,"2,1",the striped star with a black outline,none,['star'],['stripe'],True,True,True
exp2_069.jpeg,cond2,absent,present,2,square,green,dot,"1,1",pick the light square with the green border that is filled with evenly spaced gray dots.,none,['square'],['dot'],True,True,True
exp2_070.jpeg,cond1,absent,absent,4,square,green,checker,"1,3",pick the green-bordered square with the grey checkerboard pattern.,none,['square'],['checker'],True,True,True
exp2_071.jpeg,cond4,present,present,3,square,black,checker,"1,2",select the grey checkerboard that is not highlighted in green.,none,['square'],['checker'],False,False,True
exp2_072.jpeg,cond3,present,absent,2,star,black,stripe,"3,2",pick the striped star.,none,['star'],['stripe'],True,False,True
exp2_073.jpeg,cond4,present,present,2,star,green,stripe,"3,2",pick the green-outlined star with vertical gray stripes inside.,none,['star'],['stripe'],True,True,True
exp2_074.jpeg,cond2,absent,present,3,square,black,"wavy, zigzag","1,3",select the wavy-patterned square.,none,['square'],"['wavy', 'zigzag']",True,False,True
exp2_075.jpeg,cond1,absent,absent,2,star,red,"wavy, zigzag","3,2",pick the red-outlined star that’s filled with a gray wavy pattern.,none,['star'],"['wavy', 'zigzag']",True,True,True
exp2_076.jpeg,cond1,absent,absent,2,"triangle, triangular",green,stripe,"1,3",pick the green-outlined triangle with vertical gray stripes.,none,"['triangle', 'triangular']",['stripe'],True,True,True
exp2_077.jpeg,cond3,present,absent,3,"circle, circular",blue,stripe,"1,3",pick the blue-outlined circle with vertical gray stripes.,none,"['circle', 'circular']",['stripe'],True,True,True
exp2_078.jpeg,cond4,present,present,4,"triangle, triangular",red,stripe,"2,1",pick the striped triangle with the red outline.,none,"['triangle', 'triangular']",['stripe'],True,True,True
exp2_079.jpeg,cond2,absent,present,4,"circle, circular",green,dot,"3,2",pick the grey polka‑dot circle with the green outline.,none,"['circle', 'circular']",['dot'],True,True,True
exp2_080.jpeg,cond3,present,absent,3,"triangle, triangular",blue,dot,"2,3",pick the blue-outlined triangle that has a dotted (polka‑dot) pattern inside.,none,"['triangle', 'triangular']",['dot'],True,True,True
exp2_081.jpeg,cond2,absent,present,4,"triangle, triangular",green,checker,"2,1",pick the green-outlined triangle with the checkered pattern inside.,none,"['triangle', 'triangular']",['checker'],True,True,True
exp2_082.jpeg,cond3,present,absent,2,"triangle, triangular",green,stripe,"2,1",pick the only green striped triangle.,none,"['triangle', 'triangular']",['stripe'],True,True,True
exp2_083.jpeg,cond1,absent,absent,3,star,red,dot,"3,3",pick the red-outlined star that has a gray polka-dot interior.,none,['star'],['dot'],True,True,True
exp2_084.jpeg,cond4,present,present,4,"circle, circular",black,"wavy, zigzag","2,1",pick the circle with the gray wavy pattern that has a black border (not the one with the green border).,none,"['circle', 'circular']","['wavy', 'zigzag']",True,True,True
exp2_085.jpeg,cond3,present,absent,2,"triangle, triangular",green,"wavy, zigzag","1,2",select the green-bordered triangle with a wavy gray pattern inside.,none,"['triangle', 'triangular']","['wavy', 'zigzag']",True,True,True
exp2_086.jpeg,cond4,present,present,3,star,black,dot,"2,3",pick the white star outlined in black with a dotted pattern inside.,none,['star'],['dot'],True,True,True
exp2_087.jpeg,cond2,absent,present,3,star,black,checker,"1,2",pick the black-outlined star with the gray checkerboard pattern inside.,none,['star'],['checker'],True,True,True
exp2_088.jpeg,cond1,absent,absent,4,"circle, circular",red,checker,"3,2",pick the gray checkered circle with a solid red outline.,none,"['circle', 'circular']",['checker'],True,True,True
exp2_089.jpeg,cond3,present,absent,4,square,black,dot,"3,3",pick the square with the gray polka‑dot pattern and a black border (not a star).,none,['square'],['dot'],True,True,True
exp2_090.jpeg,cond3,present,absent,3,"triangle, triangular",green,dot,"3,2",pick the green-outlined triangle that’s filled with gray polka dots.,none,"['triangle', 'triangular']",['dot'],True,True,True
exp2_091.jpeg,cond1,absent,absent,3,square,black,"wavy, zigzag","2,1",pick the gray wavy square.,none,['square'],"['wavy', 'zigzag']",True,False,True
exp2_092.jpeg,cond2,absent,present,3,"triangle, triangular",red,dot,"1,3",pick the red-outlined triangle with gray polka dots (not the checkered one).,none,"['triangle', 'triangular']",['dot'],True,True,True
exp2_093.jpeg,cond4,present,present,3,square,red,"wavy, zigzag","3,2","pick the gray square filled with wavy horizontal lines (like repeating sine waves), not the one with dots or a curtain.",none,['square'],"['wavy', 'zigzag']",True,False,True
exp2_094.jpeg,cond2,absent,present,4,star,green,dot,"1,3",pick the green-outlined star that has a dotted interior.,none,['star'],['dot'],True,True,True
exp2_095.jpeg,cond1,absent,absent,2,"circle, circular",blue,dot,"1,3",pick the blue-outlined circle with the dotted pattern inside.,none,"['circle', 'circular']",['dot'],True,True,True
exp2_096.jpeg,cond4,present,present,4,star,green,dot,"1,3",pick the green star with the dotted pattern.,none,['star'],['dot'],True,True,True
exp2_097.jpeg,cond3,present,absent,3,square,black,stripe,"3,2",pick the black-outlined gray-and-white vertical striped rectangle.,none,['square'],['stripe'],False,True,True
exp2_098.jpeg,cond1,absent,absent,2,square,blue,stripe,"1,2",pick the blue-outlined square with vertical gray and white stripes.,none,['square'],['stripe'],True,True,True
exp2_099.jpeg,cond2,absent,present,3,"circle, circular",green,"wavy, zigzag","2,3",pick the green-outlined circle with the wavy gray-and-white pattern inside.,none,"['circle', 'circular']","['wavy', 'zigzag']",True,True,True
exp2_100.jpeg,cond4,present,present,2,square,green,dot,"3,2",choose the picture with many small gray dots in a grid pattern.,none,['square'],['dot'],False,False,True
exp2_101.jpeg,cond4,present,present,2,"circle, circular",green,checker,"3,3",pick the gray-and-white checkerboard circle (not the striped circle).,none,"['circle', 'circular']",['checker'],True,False,True
exp2_102.jpeg,cond1,absent,absent,4,square,black,checker,"3,1",pick the gray checkered square with the thick dark outline.,none,['square'],['checker'],True,False,True
exp2_103.jpeg,cond3,present,absent,2,square,red,dot,"2,1","pick the grey polka‑dot pattern that is in a square frame, not the one inside a circle.",none,['square'],['dot'],True,False,True
exp2_104.jpeg,cond2,absent,present,2,"circle, circular",green,stripe,"2,3",pick the green circle with vertical gray stripes.,none,"['circle', 'circular']",['stripe'],True,True,True
exp2_105.jpeg,cond4,present,present,3,"triangle, triangular",black,dot,"2,1",the dotted triangle,none,"['triangle', 'triangular']",['dot'],True,False,True
exp2_106.jpeg,cond4,present,present,4,"triangle, triangular",green,dot,"2,1",choose the green triangle that has gray dots inside it (not the one with the checkerboard pattern).,none,"['triangle', 'triangular']",['dot'],True,True,True
exp2_107.jpeg,cond1,absent,absent,4,"triangle, triangular",red,"wavy, zigzag","3,3",pick the red-outlined triangle that’s filled with a wavy pattern.,none,"['triangle', 'triangular']","['wavy', 'zigzag']",True,True,True
exp2_108.jpeg,cond3,present,absent,4,square,red,"wavy, zigzag","1,3",select the only grey wavy pattern inside a square (not a circle).,none,['square'],"['wavy', 'zigzag']",True,False,True
exp2_109.jpeg,cond3,present,absent,2,"triangle, triangular",red,dot,"3,3",pick the gray polka‑dotted triangle with a colored outline.,none,"['triangle', 'triangular']",['dot'],True,True,True
exp2_110.jpeg,cond2,absent,present,2,"triangle, triangular",green,dot,"2,3",pick the green-outlined triangle with the dotted interior.,none,"['triangle', 'triangular']",['dot'],True,True,True
exp2_111.jpeg,cond1,absent,absent,4,"triangle, triangular",green,"wavy, zigzag","3,1",pick the grey wavy-patterned triangle with a green outline.,none,"['triangle', 'triangular']","['wavy', 'zigzag']",True,True,True
exp2_112.jpeg,cond2,absent,present,4,"circle, circular",black,"wavy, zigzag","3,2",pick the wavy-patterned circle with the thick black outline.,none,"['circle', 'circular']","['wavy', 'zigzag']",True,True,True
exp2_113.jpeg,cond3,present,absent,2,"circle, circular",red,"wavy, zigzag","3,2",pick the grey wavy circle with the pink outline.,none,"['circle', 'circular']","['wavy', 'zigzag']",True,False,True
exp2_114.jpeg,cond1,absent,absent,2,square,red,"wavy, zigzag","1,2",pick the gray square with the wavy pattern.,none,['square'],"['wavy', 'zigzag']",True,False,True
exp2_115.jpeg,cond2,absent,present,4,"triangle, triangular",green,dot,"3,3",pick the green triangle with the dotted pattern inside.,none,"['triangle', 'triangular']",['dot'],True,True,True
exp2_116.jpeg,cond3,present,absent,2,star,black,stripe,"3,3",pick the gray star with vertical stripes and a black outline.,none,['star'],['stripe'],True,True,True
exp2_117.jpeg,cond4,present,present,2,star,black,"wavy, zigzag","3,3",pick the gray star with the black outline and wavy stripes.,none,['star'],"['wavy', 'zigzag']",True,True,True
exp2_118.jpeg,cond2,absent,present,3,star,black,dot,"3,1",pick the star that has a dotted pattern and a black outline.,none,['star'],['dot'],True,True,True
exp2_119.jpeg,cond1,absent,absent,4,"triangle, triangular",red,dot,"1,2",pick the grey triangle with dotted fill and a thick red outline.,none,"['triangle', 'triangular']",['dot'],True,True,True
exp2_120.jpeg,cond4,present,present,3,square,blue,stripe,"2,1",pick the visible square with thin vertical gray and white stripes.,none,['square'],['stripe'],True,False,True
